# Created by Octave 4.4.1, Mon Feb 18 21:19:38 2019 GMT <unknown@AUTOBVT-2TPMALC>
# name: numgrad
# type: matrix
# rows: 38
# columns: 1
 -0.0092782523486434343
 0.0088991195901222397
 -0.0083601076106276651
 0.0076281355032570275
 -0.0067479836962647255
 -3.0497893099834528e-06
 1.4286944960417713e-05
 -2.5938309278217275e-05
 3.698832351517467e-05
 -4.6875974213378413e-05
 -0.00017506008420653529
 0.00023314635777538228
 -0.00028746872882123853
 0.00033532034926508913
 -0.00037621558535150257
 -9.6266061788696788e-05
 0.00011798266585927308
 -0.00013714970714673314
 0.00015324708169117685
 -0.00016656029444561682
 0.31454497004146376
 0.11105658821009001
 0.097400696965621592
 0.16409081879498189
 0.057573649347997247
 0.050457585487606593
 0.16456793228369904
 0.057786737850396008
 0.050753017293292402
 0.158339333882207
 0.055923529600487853
 0.049162084116982641
 0.1511275274657109
 0.053696700907934769
 0.047145624852973356
 0.14956833471524433
 0.053154205241767727
 0.046559718624994417


