# Created by Octave 4.4.1, Mon Feb 18 21:19:55 2019 GMT <unknown@AUTOBVT-2TPMALC>
# name: numgrad
# type: matrix
# rows: 38
# columns: 1
 -0.0092782523486434343
 0.0088991195901222397
 -0.0083601076106276651
 0.0076281355032570275
 -0.0067479836962647255
 -3.0497893099834528e-06
 1.4286944960417713e-05
 -2.5938309278217275e-05
 3.698832351517467e-05
 -4.6875974213378413e-05
 -0.00017506008420653529
 0.00023314635777538228
 -0.00028746872882123853
 0.00033532034926508913
 -0.00037621558535150257
 -9.6266061788696788e-05
 0.00011798266585927308
 -0.00013714970714673314
 0.00015324708169117685
 -0.00016656029444561682
 0.31454497004146376
 0.11105658821009001
 0.097400696965621592
 0.16409081879498189
 0.057573649347997247
 0.050457585487606593
 0.16456793228369904
 0.057786737850396008
 0.050753017293292402
 0.158339333882207
 0.055923529600487853
 0.049162084116982641
 0.1511275274657109
 0.053696700907934769
 0.047145624852973356
 0.14956833471524433
 0.053154205241767727
 0.046559718624994417


# name: grad
# type: matrix
# rows: 38
# columns: 1
 -0.0092788692283065615
 0.0088937907484648877
 -0.0083622048039470286
 0.0076297605806619848
 -0.0067440255187692687
 -0.00078078992274468084
 0.0007483866859786108
 -0.00070365527115426286
 0.00064202221496581079
 -0.00056749017948483609
 0.00025926598681499604
 -0.00024850629728593145
 0.000233652962133631
 -0.00021318733537841942
 0.00018843852501931849
 0.00092787783561712467
 -0.00088937036475761387
 0.00083621229091182742
 -0.00076296858589885931
 0.00067439594714972968
 0.31456750897305874
 0.11113258896784853
 0.097460304363764919
 0.16415810095005182
 0.057994911229650052
 0.050859984028865261
 0.16573521082033579
 0.058552083531212884
 0.051348609216109675
 0.15954635723142394
 0.056365642457485744
 0.049431158947939181
 0.15127222749837299
 0.053442500580272473
 0.046867641804159733
 0.14853079865032023
 0.052473989603567188
 0.046018283614577257


