# Created by Octave 4.4.1, Wed Feb 13 14:14:06 2019 GMT <unknown@AUTOBVT-2TPMALC>
# name: X3
# type: matrix
# rows: 47
# columns: 1
 3
 3
 3
 2
 4
 4
 3
 3
 3
 3
 4
 3
 3
 5
 3
 4
 2
 3
 4
 4
 3
 2
 3
 4
 3
 3
 3
 3
 3
 3
 2
 1
 4
 3
 4
 3
 3
 4
 4
 4
 2
 3
 4
 3
 2
 4
 3


